***** Eval results *****
 intent_acc = 0.8306709265175719
 loss = 3.068455123901367
 mean_intent_slot = 0.8545289100136693
 semantic_frame_acc = 0.5623003194888179
 slot_f1 = 0.8783868935097667
 slot_precision = 0.8562653562653563
 slot_recall = 0.9016817593790427
