***** Eval results *****
 intent_acc = 0.7974683544303798
 loss = 1.358886957168579
 mean_intent_slot = 0.8566289140572951
 semantic_frame_acc = 0.6582278481012658
 slot_f1 = 0.9157894736842106
 slot_precision = 0.9015544041450777
 slot_recall = 0.93048128342246
