***** Eval results *****
 intent_acc = 0.8498402555910544
 loss = 1.9078582048416137
 mean_intent_slot = 0.8986380765134758
 semantic_frame_acc = 0.744408945686901
 slot_f1 = 0.9474358974358974
 slot_precision = 0.9390088945362135
 slot_recall = 0.9560155239327296
