***** Eval results *****
 intent_acc = 0.810126582278481
 loss = 2.0197110772132874
 mean_intent_slot = 0.867829248586049
 semantic_frame_acc = 0.6835443037974683
 slot_f1 = 0.9255319148936171
 slot_precision = 0.9206349206349206
 slot_recall = 0.93048128342246
