***** Eval results *****
 intent_acc = 0.8146964856230032
 loss = 2.5006213188171387
 mean_intent_slot = 0.8744368504064384
 semantic_frame_acc = 0.6645367412140575
 slot_f1 = 0.9341772151898734
 slot_precision = 0.9144981412639405
 slot_recall = 0.9547218628719275
