***** Eval results *****
 intent_acc = 0.8607594936708861
 loss = 2.651647686958313
 mean_intent_slot = 0.8911127311286368
 semantic_frame_acc = 0.7215189873417721
 slot_f1 = 0.9214659685863874
 slot_precision = 0.9025641025641026
 slot_recall = 0.9411764705882353
