***** Eval results *****
 intent_acc = 0.8860759493670886
 loss = 0.7582573890686035
 mean_intent_slot = 0.9047793994856552
 semantic_frame_acc = 0.7341772151898734
 slot_f1 = 0.9234828496042218
 slot_precision = 0.9114583333333334
 slot_recall = 0.9358288770053476
