***** Eval results *****
 intent_acc = 0.8306709265175719
 loss = 1.5009120464324952
 mean_intent_slot = 0.8863361006074156
 semantic_frame_acc = 0.7092651757188498
 slot_f1 = 0.9420012746972594
 slot_precision = 0.928391959798995
 slot_recall = 0.9560155239327296
